primarytype |  diffavgheight   |  diffavgweight   |  diffavgattack   |  diffavgdefence   | diffavgspecialattack | diffavgspecialdefence |   diffavgspeed
-------------+------------------+------------------+------------------+-------------------+----------------------+-----------------------+------------------
 Water       | 4.51666666666667 | 268.566666666667 | 48.3333333333333 | -21.6666666666667 |                 67.5 |                  17.5 | 8.33333333333333
 Dragon      |            2.575 |            264.2 |               32 |               2.8 |                 -9.7 |                   -31 |              -13
 Psychic     |             2.33 | 238.813333333333 |               24 |              -1.5 |                   20 |     -6.33333333333333 |                1
 Fire        |              1.9 |            23.75 |               22 |               6.5 |                  -14 |                 67.75 |             -3.5
 Poison      |             17.9 |            874.1 |               12 |                25 |                   45 |                    25 |               33
 Steel       |                1 | 198.033333333333 | 31.3333333333333 | -7.33333333333333 |     59.3333333333333 |     -7.66666666666667 |               17
 Dark        |              0.3 |             -685 |               30 |                42 |                   34 |                    45 |               56
 Ground      |             2.85 |           906.85 |               30 |                60 |                   15 |                    10 |               -6
(8 rows)
