 primarytype |    heightrange    |   weightrange    |     hprange      |   attackrange    |   defencerange   | specialattackrange | specialdefencerange |    speedrange    |   avgavgheight    |   avgavgweight   |     avgavghp     |   avgavgattack   |  avgavgdefence   | avgavgspecialattack | avgavgspecialdefence |   avgavgspeed    
-------------+-------------------+------------------+------------------+------------------+------------------+--------------------+---------------------+------------------+-------------------+------------------+------------------+------------------+------------------+---------------------+----------------------+------------------
 Dragon      |  1.60833333333333 |            195.5 |             38.5 |               49 | 44.1666666666667 |   48.3333333333333 |                50.5 | 43.6666666666667 |  2.04047619047619 | 103.052380952381 | 77.3333333333333 | 100.785714285714 | 79.6666666666667 |    82.2063492063492 |     78.6428571428571 | 82.1031746031746
 Normal      | 0.533333333333333 | 56.4194444444444 |            26.45 | 34.9166666666667 |            22.25 |   21.5833333333333 |    15.0277777777778 | 36.1388888888889 | 0.967522660818713 | 38.6356659356725 | 75.4559649122807 | 73.0762792397661 | 62.1926315789474 |    55.8596271929825 |     64.0620833333333 | 67.0192178362573
 Steel       |  6.73333333333333 |            464.6 |             39.5 |            38.75 |              135 |                 53 |    60.6666666666667 |             29.5 |  2.25916666666667 |       220.271875 | 69.2645833333333 | 89.7604166666667 | 110.420833333333 |               68.25 |     73.0333333333333 | 51.1895833333333
 Ground      |  1.76333333333333 |           472.03 |             40.5 |             29.5 | 45.1666666666667 |   36.4285714285714 |    25.8571428571429 |               30 |   1.5506462585034 | 174.924965986395 | 73.9200680272109 | 95.6802721088435 |  92.328231292517 |    53.1802721088435 |     65.3367346938776 | 57.2738095238095
 Rock        | 0.643589743589744 |          150.625 | 23.0769230769231 |            39.75 | 31.1196581196581 |   31.0555555555556 |    33.5726495726496 | 42.3333333333333 |  1.33565705128205 | 124.732171474359 | 69.1396901709402 | 92.3913194444444 | 97.2909989316239 |    60.5540865384615 |     73.0464743589744 | 55.3817841880342
 Ice         | 0.833333333333333 |          281.175 | 21.6666666666667 | 35.6944444444444 |             89.5 |   55.3333333333333 |               45.75 |               57 |  1.19940476190476 | 107.738095238095 | 71.0436507936508 | 76.7301587301587 | 77.6666666666667 |    67.3273809523809 |     66.9563492063492 | 64.1964285714286
 Bug         | 0.816666666666666 | 50.6111111111111 | 17.1111111111111 | 52.0833333333333 |            43.75 |   28.5714285714286 |                52.5 | 25.3888888888889 | 0.821954365079365 | 30.5918551587302 | 55.7197420634921 | 63.9306547619048 | 69.5279761904762 |    55.6875992063492 |     63.9178571428571 | 60.8898809523809
 Ghost       |  2.00952380952381 | 233.266666666667 | 52.8857142857143 |               52 | 35.8666666666667 |              76.45 |    34.3333333333333 |            60.75 |  1.12327380952381 | 52.5704166666667 | 61.2961309523809 | 70.6479166666667 | 77.0175595238095 |    87.7002976190476 |     81.2470238095238 | 61.2526785714286
 Water       |  1.22857142857143 | 57.5309523809524 | 20.3631578947368 |               13 | 20.5268817204301 |   28.2222222222222 |    37.3666666666667 |             40.4 |  1.32249799177431 | 51.4631514761884 | 69.3549613798765 | 75.2449393230802 | 71.5294056973492 |    76.8215586655846 |     71.8972692017471 | 68.0801068531544
 Electric    |  1.03333333333333 | 39.9238095238095 | 22.1090909090909 | 46.4666666666667 | 38.1666666666667 |               20.3 |    23.4583333333333 | 44.7142857142857 | 0.989166666666667 | 33.5687432359307 | 62.7652326839827 | 72.8635281385281 | 63.5894345238095 |    89.8639880952381 |     70.8755546536797 | 87.1130817099567
 Fire        | 0.366666666666667 |            82.74 | 18.4222222222222 | 26.1805555555556 | 17.4444444444444 |                 39 |    19.2222222222222 | 35.2083333333333 |  1.19923611111111 | 66.5710416666667 | 69.5565972222222 | 85.2864583333333 | 67.5434027777778 |           85.621875 |     70.1809027777778 | 74.4482638888889
 Poison      |  19.0833333333333 | 921.035294117647 |             82.5 | 28.3333333333333 | 29.6666666666667 |                 95 |    38.8333333333333 |               93 |  3.64779411764706 | 160.210171568627 | 77.9362745098039 | 75.4865196078431 | 75.3026960784314 |    76.4460784313726 |     74.5049019607843 | 78.7732843137255
 Fighting    | 0.916666666666667 | 168.333333333333 |               41 |            49.75 | 40.5833333333333 |   61.6666666666667 |    28.6666666666667 | 34.8333333333333 |  1.26361607142857 | 73.5126785714286 | 69.5316964285714 | 98.4203869047619 | 71.6116071428571 |    58.0751488095238 |     67.6197916666667 | 69.7916666666667
 Dark        |             4.875 |          871.375 |            170.5 | 56.1666666666667 | 28.6666666666667 |               49.5 |                  32 |               64 |  1.72288461538462 | 146.202692307692 | 87.5933493589744 | 84.2928685897436 | 63.7167467948718 |    75.2956730769231 |     66.8173076923077 | 75.8473557692308
 Grass       |  1.26607142857143 | 53.2016666666667 | 19.9111111111111 |               27 | 23.2974358974359 |   31.3333333333333 |    12.9230769230769 | 17.5769230769231 |  1.02898008241758 | 37.6349343711844 | 67.1941468253968 |  74.771336996337 | 72.0565705128205 |    73.0528846153846 |     69.3503891941392 | 58.9553495115995
 Fairy       |             1.425 |           116.15 |               34 |               50 |             34.5 |                 67 |                  50 |               70 | 0.926574074074074 | 36.9640740740741 | 71.6666666666667 |  63.787037037037 | 76.4657407407407 |    83.4722222222222 |     94.0648148148148 | 68.1944444444444
 Psychic     |  1.96857142857143 |              246 | 29.9666666666667 |             48.2 |             32.2 |   32.8035714285714 |    26.8392857142857 | 50.5714285714286 |   1.3814880952381 | 71.5374255952381 | 72.5635416666667 | 75.8571428571429 | 71.7315476190476 |           98.334375 |     88.9674107142857 |  79.953869047619
 Flying      |              0.45 |             35.3 |             16.5 |             57.5 |             17.5 |                 64 |                  25 |             44.5 |              1.15 | 45.7333333333333 |               70 | 76.3333333333333 |               65 |    80.6666666666667 |     70.8333333333333 | 92.1666666666667
(18 rows)

